,Date,Team name,1st Qtr Points,2nd Qtr Points,3rd Qtr Points,4th Qtr Points,Total Points,FG Made,FG Attempted,Field Goal %,3PT Made,3PT Attempted,Three Point %,FT Made,FT Attempted,Free Throw %,Total Rebounds,Offensive Rebounds,Defensive Rebounds,Assists,Steals,Blocks,Total Turnovers,Points Off Turnovers,Fast Break Points,Points in Paint,Personal Fouls,Technical Fouls,Flagrant Fouls,Number of OT Periods,OT Points,Won?,Away or home?,Game ID
1,2018-10-17,GS,35,36,30,20,121,43,80,53.8,16,30,53.3,19,21,90.5,42,6,35,34,5,9,17,21,36,32,25,0,0,0,[],0,Home,400974438
2,2018-10-20,GS,26,35,37,30,128,47,92,51.1,18,41,43.9,16,20,80.0,53,10,39,29,6,8,18,28,23,30,23,1,0,0,[],1,Away,400974444
3,2018-10-21,GS,26,25,20,30,101,33,84,39.3,12,38,31.6,23,27,85.2,55,12,34,20,10,7,17,24,32,36,28,3,0,0,[],0,Away,400974784
4,2018-10-23,GS,40,25,34,34,133,48,86,55.8,15,39,38.5,22,26,84.6,57,10,40,33,6,8,16,18,34,44,23,1,0,0,[],1,Away,400974796
5,2018-10-25,GS,29,32,30,26,117,43,77,55.8,12,26,46.2,19,22,86.4,41,6,31,32,10,7,17,17,33,48,15,0,0,0,[],1,Home,400974814
6,2018-10-27,GS,27,26,34,33,120,46,95,48.4,10,38,26.3,18,20,90.0,59,15,38,33,7,13,18,18,22,52,20,3,0,0,[],1,Home,400974826
7,2018-10-29,GS,35,22,24,26,107,44,77,57.1,10,27,37.0,9,12,75.0,44,10,30,29,3,11,26,33,22,46,14,0,0,0,[],0,Home,400974842
8,2018-10-30,GS,34,40,33,34,141,52,89,58.4,14,29,48.3,23,30,76.7,52,14,32,37,8,8,12,19,25,64,23,2,0,0,[],1,Away,400974851
9,2018-11-02,GS,24,26,34,28,112,43,83,51.8,14,28,50.0,12,16,75.0,48,5,36,30,11,12,14,15,24,40,20,1,0,0,[],1,Away,400974868
10,2018-11-04,GS,36,24,43,24,127,50,91,54.9,18,40,45.0,9,17,52.9,46,7,34,38,13,4,15,16,16,50,23,0,0,0,[],1,Away,400974886
11,2018-11-06,GS,22,28,25,22,97,32,87,36.8,11,32,34.4,22,24,91.7,60,13,38,20,12,10,15,13,26,32,21,1,0,0,[],1,Home,400974899
12,2018-11-08,GS,22,29,44,30,125,48,85,56.5,15,36,41.7,14,18,77.8,49,3,42,37,10,9,19,18,35,44,23,0,0,0,[],1,Home,400974914
13,2018-11-11,GS,32,33,36,34,135,48,82,58.5,14,27,51.9,25,26,96.2,46,4,35,31,15,11,22,22,32,50,23,2,0,0,[],1,Home,400974935
14,2018-11-13,GS,27,29,32,22,110,44,88,50.0,8,23,34.8,14,16,87.5,56,12,38,35,4,5,16,13,14,54,21,0,0,0,[],1,Home,400974950
15,2018-11-16,GS,28,19,21,20,88,33,82,40.2,10,32,31.3,12,19,63.2,50,7,40,22,9,10,15,17,20,34,24,0,0,0,[],0,Away,400974966
16,2018-11-18,GS,28,24,47,25,124,50,91,54.9,7,23,30.4,17,20,85.0,53,11,37,25,5,6,13,22,7,46,18,1,0,0,[],1,Away,400974982
17,2018-11-19,GS,32,32,34,20,118,46,90,51.1,10,24,41.7,16,23,69.6,63,6,51,29,8,14,15,15,16,42,27,1,0,0,[],1,Away,400974987
18,2018-11-22,GS,26,22,23,20,91,33,80,41.3,10,31,32.3,15,18,83.3,47,7,32,22,11,8,22,34,10,38,20,3,0,0,[],0,Away,400975014
19,2018-11-24,GS,29,45,36,33,143,53,91,58.2,16,36,44.4,21,21,100.0,53,6,43,36,11,11,11,7,26,50,15,0,0,0,[],1,Home,400975027
20,2018-11-25,GS,17,36,31,26,110,39,94,41.5,10,33,30.3,22,27,81.5,63,11,33,30,11,6,10,3,14,38,24,1,0,0,[],1,Home,400975035
21,2018-11-27,GS,27,28,27,24,106,40,80,50.0,16,37,43.2,10,14,71.4,46,9,27,31,9,6,15,25,19,42,15,0,0,0,[],0,Home,400975047
22,2018-11-29,GS,30,20,34,25,127,47,94,50.0,12,30,40.0,21,28,75.0,62,12,37,30,10,4,22,19,19,52,19,0,0,1,[18],1,Away,400975063
23,2018-12-01,GS,41,37,24,31,133,55,88,62.5,12,24,50.0,11,11,100.0,49,7,35,46,9,11,19,23,19,70,16,1,0,0,[],1,Away,400975069
24,2018-12-03,GS,33,29,37,24,123,47,84,56.0,11,30,36.7,18,24,75.0,56,7,34,32,4,4,10,9,14,58,14,2,0,0,[],1,Away,400975086
25,2018-12-04,GS,26,23,39,37,125,45,87,51.7,16,33,48.5,19,27,70.4,46,5,35,36,14,5,17,22,35,44,17,4,0,0,[],1,Away,400975097
26,2018-12-06,GS,26,27,26,22,101,40,84,47.6,11,30,36.7,10,13,76.9,54,8,39,26,8,12,15,7,24,44,20,0,0,0,[],1,Away,400975109
27,2018-12-08,GS,30,16,31,25,102,39,81,48.1,7,26,26.9,17,22,77.3,50,5,40,29,5,15,14,16,4,26,19,0,0,0,[],1,Away,400975119
28,2018-12-11,GS,27,33,33,18,111,44,80,55.0,10,20,50.0,13,17,76.5,50,6,36,26,5,9,14,18,23,38,16,0,0,0,[],1,Home,400975146
29,2018-12-14,GS,24,24,32,32,112,47,78,60.3,11,22,50.0,7,9,77.8,45,4,37,35,7,4,16,18,20,42,22,0,0,0,[],1,Home,400975168
30,2018-12-18,GS,32,25,26,19,116,43,107,40.2,11,34,32.4,19,21,90.5,70,15,46,25,6,10,15,12,17,56,26,1,0,1,[14],1,Away,400975201
31,2018-12-20,GS,24,32,18,23,97,34,74,45.9,7,21,33.3,22,25,88.0,50,14,30,26,9,8,16,16,2,38,19,2,0,0,[],1,Home,400975215
32,2018-12-22,GS,27,34,23,29,113,42,85,49.4,7,24,29.2,22,27,81.5,51,10,32,24,9,13,16,23,26,62,17,0,0,0,[],1,Home,400975230
33,2018-12-23,GS,20,21,21,19,81,32,84,38.1,3,27,11.1,14,17,82.4,47,11,27,25,14,8,18,21,19,40,14,0,0,0,[],0,Home,400975240
34,2018-12-25,GS,24,22,25,28,99,38,82,46.3,10,37,27.0,13,17,76.5,51,10,37,28,7,7,15,20,33,44,18,2,0,0,[],1,Home,400974446
35,2018-12-27,GS,23,25,42,36,126,51,86,59.3,11,23,47.8,13,17,76.5,53,4,46,37,8,7,16,26,30,60,18,0,0,0,[],1,Home,400975260
36,2018-12-29,GS,29,24,22,25,100,40,87,46.0,8,22,36.4,12,13,92.3,48,8,35,32,6,5,18,32,16,38,25,0,0,0,[],0,Home,400975274
37,2018-12-30,GS,40,38,38,25,141,50,85,58.8,18,33,54.5,23,25,92.0,43,7,31,37,3,6,10,15,20,44,17,2,0,0,[],1,Home,400975281
38,2018-01-03,GS,35,32,24,34,125,48,91,52.7,13,32,40.6,16,19,84.2,51,7,39,36,8,7,14,14,21,40,21,0,0,0,[],1,Away,400975308
39,2018-01-04,GS,33,29,31,31,124,48,87,55.2,13,30,43.3,15,20,75.0,53,6,39,35,6,6,13,18,9,56,18,0,0,0,[],1,Away,400975312
40,2018-01-06,GS,31,33,39,18,121,39,94,41.5,13,39,33.3,30,37,81.1,67,14,40,31,13,10,17,26,25,38,25,1,0,0,[],1,Away,400975324
41,2018-01-08,GS,37,27,29,31,124,48,85,56.5,13,30,43.3,15,21,71.4,50,10,33,33,7,10,16,19,22,44,15,0,0,0,[],1,Home,400975343
42,2018-01-10,GS,35,27,28,16,106,38,79,48.1,8,23,34.8,22,26,84.6,38,4,29,26,9,6,16,9,14,32,21,1,0,0,[],0,Home,400975359
43,2018-01-12,GS,36,27,17,28,108,44,79,55.7,5,15,33.3,15,18,83.3,47,10,33,28,7,3,11,18,16,58,13,0,0,0,[],1,Away,400975368
44,2018-01-13,GS,43,38,27,19,127,47,81,58.0,9,24,37.5,24,28,85.7,38,3,27,28,4,3,7,12,20,46,20,1,0,0,[],1,Away,400975377
45,2018-01-15,GS,35,22,36,25,118,41,85,48.2,12,32,37.5,24,30,80.0,57,13,35,33,8,6,17,20,20,46,23,0,0,0,[],1,Away,400975392
46,2018-01-17,GS,38,25,32,24,119,42,84,50.0,13,33,39.4,22,25,88.0,53,5,44,24,5,3,15,27,7,28,16,1,0,0,[],1,Away,400975403
47,2018-01-20,GS,28,30,33,17,108,40,82,48.8,17,36,47.2,11,15,73.3,42,4,29,31,8,10,19,23,6,34,24,0,0,0,[],0,Away,400975425
48,2018-01-23,GS,21,37,37,28,123,46,83,55.4,13,30,43.3,18,20,90.0,40,3,33,40,6,3,12,13,25,44,16,2,0,0,[],1,Home,400975445
49,2018-01-25,GS,38,36,32,20,126,48,89,53.9,21,37,56.8,9,15,60.0,54,11,36,37,9,8,16,8,48,42,17,0,0,0,[],1,Home,400975459
50,2018-01-27,GS,27,23,30,29,109,38,84,45.2,10,27,37.0,23,26,88.5,50,10,33,19,9,9,12,13,17,38,17,0,0,0,[],1,Home,400975474
51,2018-01-30,GS,30,26,29,14,99,39,85,45.9,5,25,20.0,16,21,76.2,42,11,26,27,10,7,20,18,14,46,16,0,0,0,[],0,Away,400975497
52,2018-02-02,GS,29,29,26,35,119,44,80,55.0,17,33,51.5,14,16,87.5,55,7,44,25,8,4,25,19,17,44,19,0,0,0,[],1,Away,400975520
53,2018-02-03,GS,32,24,27,25,108,43,86,50.0,8,31,25.8,14,23,60.9,52,11,31,28,9,10,14,15,17,48,23,3,0,0,[],0,Away,400975528
54,2018-02-06,GS,30,27,20,28,105,37,76,48.7,8,28,28.6,23,31,74.2,54,10,35,27,7,8,25,38,14,40,24,5,0,0,[],0,Home,400975549
55,2018-02-08,GS,23,37,33,28,121,45,88,51.1,14,29,48.3,17,20,85.0,56,18,33,37,6,7,16,20,22,48,18,1,0,0,[],1,Home,400975561
56,2018-02-10,GS,27,31,33,31,122,48,85,56.5,12,27,44.4,14,15,93.3,51,11,33,35,5,6,16,18,18,50,18,0,0,0,[],1,Home,400975577
57,2018-02-12,GS,25,37,37,30,129,52,89,58.4,11,26,42.3,14,21,66.7,58,7,42,36,8,16,12,12,32,58,18,0,0,0,[],1,Home,400975592
58,2018-02-14,GS,27,24,36,30,117,43,90,47.8,13,37,35.1,18,19,94.7,43,8,33,24,8,7,16,27,18,40,24,1,0,0,[],0,Away,400975610
59,2018-02-22,GS,34,36,32,32,134,47,76,61.8,14,25,56.0,26,34,76.5,39,3,29,31,8,8,15,24,17,52,24,2,0,0,[],1,Home,400975618
60,2018-02-24,GS,24,28,32,28,112,42,89,47.2,17,38,44.7,11,13,84.6,62,12,42,36,8,6,16,18,15,36,21,2,0,0,[],1,Home,400975633
61,2018-02-26,GS,37,26,39,23,125,44,85,51.8,15,31,48.4,22,26,84.6,49,8,35,31,8,5,12,16,13,38,13,0,0,0,[],1,Away,400975646
62,2018-02-28,GS,36,22,27,24,109,37,72,51.4,10,24,41.7,25,30,83.3,40,3,33,24,10,8,14,15,15,42,21,1,0,0,[],1,Away,400975663
63,2018-03-02,GS,33,29,28,24,114,42,79,53.2,11,31,35.5,19,22,86.4,41,2,33,33,12,5,18,30,22,36,20,0,0,0,[],1,Away,400975674
64,2018-03-06,GS,35,13,38,28,114,47,83,56.6,11,23,47.8,9,11,81.8,45,5,36,30,8,7,17,20,35,54,18,1,0,0,[],1,Home,400975709
65,2018-03-08,GS,28,18,32,32,110,41,95,43.2,8,30,26.7,20,23,87.0,56,12,37,30,6,12,10,15,19,52,18,1,0,0,[],1,Home,400975722
66,2018-03-09,GS,27,25,31,25,108,38,78,48.7,12,28,42.9,20,24,83.3,40,6,27,20,5,3,12,14,11,36,20,1,0,0,[],0,Away,400975730
67,2018-03-11,GS,24,38,22,19,103,37,91,40.7,10,36,27.8,19,21,90.5,56,12,38,22,6,7,13,20,20,42,17,0,0,0,[],0,Away,400975740
68,2018-03-14,GS,26,29,34,28,117,44,81,54.3,6,20,30.0,23,28,82.1,56,11,39,25,8,6,21,29,14,48,24,0,0,0,[],1,Home,400975765
69,2018-03-16,GS,36,23,16,18,93,34,81,42.0,12,26,46.2,13,18,72.2,48,9,31,21,10,5,12,17,15,34,21,0,0,0,[],0,Home,400975779
70,2018-03-17,GS,30,22,42,30,124,50,95,52.6,13,31,41.9,11,14,78.6,52,9,34,29,8,9,14,15,20,52,21,1,0,0,[],1,Away,400975790
71,2018-03-19,GS,21,20,22,12,75,30,74,40.5,3,19,15.8,12,16,75.0,45,2,34,17,7,9,15,20,13,38,24,1,0,0,[],0,Away,400975802
72,2018-03-23,GS,16,27,36,27,106,42,93,45.2,12,30,40.0,10,11,90.9,49,10,36,28,8,6,7,5,9,38,17,0,0,0,[],1,Home,400975833
73,2018-03-25,GS,22,25,18,26,91,38,91,41.8,6,15,40.0,9,10,90.0,45,14,27,24,9,7,11,15,11,40,19,2,0,0,[],0,Home,400975848
74,2018-03-27,GS,27,21,22,11,81,35,86,40.7,5,17,29.4,6,9,66.7,55,17,34,21,4,9,17,18,2,34,17,0,0,0,[],0,Home,400975860
75,2018-03-29,GS,27,22,23,35,107,41,75,54.7,10,20,50.0,15,15,100.0,32,2,29,26,10,7,19,23,23,46,19,3,0,0,[],0,Home,400975874
76,2018-03-31,GS,28,29,36,19,112,41,83,49.4,9,26,34.6,21,28,75.0,49,6,36,28,9,6,11,14,10,44,18,1,1,0,[],1,Away,400975888
77,2018-04-01,GS,22,36,36,23,117,48,89,53.9,13,28,46.4,8,9,88.9,48,7,38,31,10,7,15,19,27,46,14,0,0,0,[],1,Home,400975899
78,2018-04-03,GS,24,33,27,27,111,41,83,49.4,8,29,27.6,21,24,87.5,45,6,34,27,9,5,13,11,17,44,25,0,0,0,[],1,Away,400975909
79,2018-04-05,GS,26,25,26,29,106,37,83,44.6,9,29,31.0,23,24,95.8,41,13,26,29,6,5,16,18,10,40,14,1,1,0,[],0,Away,400975921
80,2018-04-07,GS,32,33,27,28,120,49,90,54.4,15,33,45.5,7,11,63.6,48,8,34,31,3,0,17,26,17,52,21,1,0,0,[],0,Home,400975941
81,2018-04-08,GS,33,31,27,26,117,47,90,52.2,13,32,40.6,10,15,66.7,51,5,36,27,9,7,11,11,13,36,15,0,0,0,[],1,Away,400975949
82,2018-04-10,GS,16,17,23,23,79,30,86,34.9,5,19,26.3,14,16,87.5,41,9,30,14,7,3,16,25,6,38,18,0,0,0,[],0,Away,400975963
