,Date,Team name,1st Qtr Points,2nd Qtr Points,3rd Qtr Points,4th Qtr Points,Total Points,FG Made,FG Attempted,Field Goal %,3PT Made,3PT Attempted,Three Point %,FT Made,FT Attempted,Free Throw %,Total Rebounds,Offensive Rebounds,Defensive Rebounds,Assists,Steals,Blocks,Total Turnovers,Points Off Turnovers,Fast Break Points,Points in Paint,Personal Fouls,Technical Fouls,Flagrant Fouls,Number of OT Periods,OT Points,Won?,Away or home?,Game ID
1,2018-10-17,HOU,34,28,26,34,122,47,97,48.5,15,41,36.6,13,19,68.4,53,10,33,28,9,5,13,11,15,54,16,1,1,0,[],1,Away,400974438
2,2018-10-20,NO,39,25,26,30,120,45,98,45.9,16,36,44.4,14,22,63.6,57,16,35,26,8,4,19,18,14,32,19,1,0,0,[],0,Home,400974444
3,2018-10-21,MEM,31,25,32,23,111,36,77,46.8,10,27,37.0,29,37,78.4,49,6,34,20,8,4,14,16,21,48,25,0,0,0,[],1,Home,400974784
4,2018-10-23,DAL,24,38,22,19,103,38,96,39.6,9,29,31.0,18,30,60.0,55,14,28,21,11,0,12,15,8,44,20,1,0,0,[],0,Home,400974796
5,2018-10-25,TOR,26,27,33,26,112,43,94,45.7,8,34,23.5,18,19,94.7,48,17,25,30,10,6,18,17,15,54,16,0,0,0,[],0,Away,400974814
6,2018-10-27,WSH,34,33,30,20,117,43,97,44.3,15,33,45.5,16,22,72.7,52,12,29,30,7,6,15,17,17,38,21,1,0,0,[],0,Away,400974826
7,2018-10-29,DET,27,25,30,33,115,43,93,46.2,12,27,44.4,17,17,100.0,42,17,20,22,16,0,14,17,10,50,9,3,0,0,[],1,Away,400974842
8,2018-10-30,LAC,28,29,29,27,113,39,86,45.3,10,25,40.0,25,30,83.3,44,9,26,21,4,3,14,21,13,40,20,0,0,0,[],0,Home,400974851
9,2018-11-02,SA,33,22,23,14,92,34,87,39.1,7,24,29.2,17,23,73.9,55,14,32,19,6,8,19,23,7,32,10,2,0,0,[],0,Home,400974868
10,2018-11-04,DEN,23,32,21,32,108,40,87,46.0,6,24,25.0,22,27,81.5,55,9,37,26,9,6,18,35,26,64,18,0,0,0,[],0,Home,400974886
11,2018-11-06,MIA,21,16,20,23,80,30,83,36.1,8,26,30.8,12,17,70.6,55,7,37,19,10,6,23,29,4,34,20,1,0,0,[],0,Away,400974899
12,2018-11-08,MIN,22,28,26,25,101,38,92,41.3,5,24,20.8,20,27,74.1,53,9,32,21,15,0,14,26,14,52,14,0,0,0,[],0,Away,400974914
13,2018-11-11,PHI,28,36,21,29,114,44,94,46.8,12,28,42.9,14,20,70.0,45,13,25,30,10,2,20,22,14,52,19,1,0,0,[],0,Away,400974935
14,2018-11-13,ORL,29,27,19,25,100,37,88,42.0,10,32,31.3,16,18,88.9,43,4,31,26,10,3,11,12,13,42,18,0,0,0,[],0,Away,400974950
15,2018-11-16,BOS,18,24,26,24,92,26,79,32.9,7,32,21.9,33,38,86.8,64,7,45,15,8,5,15,13,13,28,15,0,0,0,[],1,Home,400974966
16,2018-11-18,PHI,47,27,15,27,116,47,97,48.5,10,29,34.5,12,16,75.0,45,11,29,28,8,5,11,16,11,62,22,2,0,0,[],0,Home,400974982
17,2018-11-19,BKN,20,22,42,27,111,34,95,35.8,16,48,33.3,27,39,69.2,61,13,39,24,7,2,13,14,10,34,21,1,0,0,[],0,Home,400974987
18,2018-11-22,OKC,33,32,29,14,108,41,90,45.6,8,25,32.0,18,26,69.2,60,13,37,16,15,5,17,15,33,40,21,1,0,0,[],1,Home,400975014
19,2018-11-24,CHI,32,21,13,28,94,35,99,35.4,13,36,36.1,11,15,73.3,53,13,27,18,7,2,15,24,12,32,17,1,1,0,[],0,Away,400975027
20,2018-11-25,NO,31,22,22,20,95,34,84,40.5,11,31,35.5,16,23,69.6,54,9,36,24,2,9,17,20,15,36,24,1,0,0,[],0,Away,400975035
21,2018-11-27,SAC,27,26,30,27,110,42,79,53.2,9,17,52.9,17,21,81.0,39,11,25,27,7,6,15,14,13,62,15,0,0,0,[],1,Away,400975047
22,2018-11-29,LAL,20,34,30,25,123,47,95,49.5,9,24,37.5,20,25,80.0,45,7,27,30,12,5,17,12,19,68,23,0,0,1,[14],0,Home,400975063
23,2018-12-01,ORL,34,29,28,21,112,44,96,45.8,11,28,39.3,13,18,72.2,41,13,22,23,9,4,15,22,20,58,15,0,0,0,[],0,Home,400975069
24,2018-12-03,MIA,36,24,17,18,95,33,81,40.7,14,37,37.8,15,17,88.2,37,5,23,17,5,4,12,14,0,32,15,0,0,0,[],0,Home,400975086
25,2018-12-04,NO,33,36,22,24,115,45,91,49.5,16,39,41.0,9,15,60.0,56,11,36,33,11,4,21,29,20,50,26,2,0,0,[],0,Home,400975097
26,2018-12-06,CHA,18,20,30,19,87,34,97,35.1,6,19,31.6,13,17,76.5,60,14,35,17,5,3,12,12,7,46,13,0,0,0,[],0,Home,400975109
27,2018-12-08,DET,24,26,17,31,98,38,92,41.3,12,27,44.4,10,19,52.6,60,15,34,20,8,2,13,12,4,38,17,1,0,0,[],0,Home,400975119
28,2018-12-11,POR,28,19,28,29,104,37,88,42.0,7,28,25.0,23,25,92.0,43,12,27,14,11,2,10,13,18,42,18,0,0,0,[],0,Away,400975146
29,2018-12-14,DAL,28,20,25,24,97,37,82,45.1,10,29,34.5,13,17,76.5,37,8,23,25,7,1,12,15,12,44,16,0,0,0,[],0,Away,400975168
30,2018-12-18,LAL,24,29,29,20,114,41,92,44.6,10,25,40.0,22,35,62.9,60,7,38,23,9,9,12,11,17,56,26,0,0,1,[12],0,Home,400975201
31,2018-12-20,MEM,28,23,14,19,84,28,84,33.3,12,31,38.7,16,19,84.2,52,15,26,20,10,6,17,12,18,24,23,1,0,0,[],0,Away,400975215
32,2018-12-22,LAL,24,20,28,34,106,40,94,42.6,11,29,37.9,15,22,68.2,58,15,31,22,11,5,17,18,24,52,23,0,0,0,[],0,Away,400975230
33,2018-12-23,DEN,22,31,20,23,96,38,82,46.3,7,28,25.0,13,15,86.7,54,10,35,25,10,4,19,20,7,48,14,1,0,0,[],1,Away,400975240
34,2018-12-25,CLE,28,16,23,25,92,28,88,31.8,15,36,41.7,21,25,84.0,61,19,31,12,8,0,14,12,9,20,19,0,0,0,[],0,Away,400974446
35,2018-12-27,UTAH,24,23,22,32,101,37,92,40.2,6,23,26.1,21,27,77.8,47,10,33,21,10,2,13,15,16,46,22,1,0,0,[],0,Away,400975260
36,2018-12-29,CHA,32,21,26,32,111,41,89,46.1,6,20,30.0,23,34,67.6,59,13,34,27,12,6,11,11,12,46,10,1,0,0,[],1,Away,400975274
37,2018-12-30,MEM,38,29,31,30,128,49,94,52.1,15,21,71.4,15,22,68.2,46,13,25,29,6,0,8,13,8,54,22,0,0,0,[],0,Away,400975281
38,2018-01-03,DAL,26,35,28,33,122,43,90,47.8,19,43,44.2,17,22,77.3,47,7,33,29,6,2,13,20,9,36,17,1,0,0,[],0,Home,400975308
39,2018-01-04,HOU,37,26,27,24,114,42,89,47.2,17,50,34.0,13,22,59.1,47,6,32,20,7,3,10,15,2,42,17,1,0,0,[],0,Home,400975312
40,2018-01-06,LAC,28,27,21,29,105,39,91,42.9,3,11,27.3,24,30,80.0,53,10,35,19,10,7,18,27,28,64,25,0,0,0,[],0,Home,400975324
41,2018-01-08,DEN,28,29,24,33,114,47,95,49.5,8,19,42.1,12,16,75.0,45,13,26,30,8,3,11,11,11,62,16,0,0,0,[],0,Away,400975343
42,2018-01-10,LAC,32,26,39,28,125,46,94,48.9,11,24,45.8,22,28,78.6,61,11,35,24,9,3,14,21,21,60,19,1,0,0,[],1,Away,400975359
43,2018-01-12,MIL,27,22,33,12,94,36,85,42.4,11,28,39.3,11,12,91.7,41,8,25,21,9,6,12,19,11,48,20,0,0,0,[],0,Home,400975368
44,2018-01-13,TOR,35,19,35,36,125,45,93,48.4,8,25,32.0,27,32,84.4,53,14,30,22,3,2,10,14,16,64,23,0,0,0,[],0,Home,400975377
45,2018-01-15,CLE,37,27,27,17,108,43,94,45.7,7,28,25.0,15,22,68.2,51,12,31,26,9,5,15,21,12,62,22,0,0,0,[],0,Home,400975392
46,2018-01-17,CHI,40,26,12,34,112,45,106,42.5,10,39,25.6,12,13,92.3,54,14,35,24,10,2,11,18,26,56,19,0,0,0,[],0,Home,400975403
47,2018-01-20,HOU,40,25,27,24,116,41,87,47.1,14,37,37.8,20,29,69.0,59,12,34,19,14,3,16,13,11,48,18,1,0,0,[],1,Home,400975425
48,2018-01-23,NY,31,29,26,26,112,43,83,51.8,9,22,40.9,17,19,89.5,41,6,32,28,4,0,14,16,12,46,20,1,0,0,[],0,Away,400975445
49,2018-01-25,MIN,29,33,31,20,113,46,101,45.5,6,20,30.0,15,18,83.3,51,13,30,25,9,3,10,12,15,58,15,0,0,0,[],0,Away,400975459
50,2018-01-27,BOS,37,17,19,32,105,37,85,43.5,14,28,50.0,17,24,70.8,54,11,34,17,6,2,16,18,8,32,23,1,0,0,[],0,Away,400975474
51,2018-01-30,UTAH,35,34,34,26,129,53,91,58.2,14,28,50.0,9,14,64.3,52,7,35,25,16,3,12,12,14,58,22,1,0,0,[],1,Home,400975497
52,2018-02-02,SAC,27,25,23,29,104,42,95,44.2,10,25,40.0,10,15,66.7,41,6,27,22,16,3,13,17,15,56,14,1,0,0,[],0,Home,400975520
53,2018-02-03,DEN,29,26,22,38,115,39,91,42.9,12,29,41.4,25,29,86.2,56,16,32,28,7,0,16,19,15,44,17,0,0,0,[],1,Home,400975528
54,2018-02-06,OKC,42,28,29,26,125,44,93,47.3,12,31,38.7,25,33,75.8,50,10,30,17,14,3,13,12,14,54,28,0,0,0,[],1,Away,400975549
55,2018-02-08,DAL,33,27,25,18,103,40,92,43.5,9,37,24.3,14,17,82.4,45,9,25,19,15,7,12,13,17,46,16,1,0,0,[],0,Away,400975561
56,2018-02-10,SA,37,18,20,30,105,43,94,45.7,5,27,18.5,14,19,73.7,43,11,23,30,8,5,10,14,19,62,13,0,0,0,[],0,Away,400975577
57,2018-02-12,PHX,24,21,26,12,83,33,95,34.7,3,23,13.0,14,22,63.6,56,15,32,13,2,3,17,20,4,48,17,1,0,0,[],0,Away,400975592
58,2018-02-14,POR,40,23,29,31,123,45,93,48.4,12,33,36.4,21,24,87.5,56,13,36,20,9,0,14,17,15,44,18,0,1,0,[],1,Home,400975610
59,2018-02-22,LAC,23,35,34,35,127,44,88,50.0,11,32,34.4,28,34,82.4,48,8,28,32,9,2,15,23,23,56,19,1,0,0,[],0,Away,400975618
60,2018-02-24,OKC,19,26,21,14,80,29,88,33.0,9,34,26.5,13,21,61.9,54,14,29,19,8,3,16,25,10,28,17,2,0,0,[],0,Away,400975633
61,2018-02-26,NY,39,25,18,29,111,47,96,49.0,10,25,40.0,7,9,77.8,47,10,29,28,7,3,14,11,14,48,18,0,0,0,[],0,Home,400975646
62,2018-02-28,WSH,21,35,14,31,101,36,90,40.0,11,32,34.4,18,21,85.7,57,18,33,25,6,4,18,26,13,40,24,2,0,0,[],0,Home,400975663
63,2018-03-02,ATL,31,19,34,25,109,38,86,44.2,15,35,42.9,18,20,90.0,49,3,32,21,10,2,22,27,14,34,21,0,0,0,[],0,Home,400975674
64,2018-03-06,BKN,19,34,27,21,101,36,85,42.4,9,34,26.5,20,25,80.0,47,10,28,24,7,1,16,28,18,42,18,0,0,0,[],0,Away,400975709
65,2018-03-08,SA,21,29,37,20,107,43,95,45.3,6,22,27.3,15,18,83.3,56,10,35,29,7,3,12,16,19,56,20,0,0,0,[],0,Away,400975722
66,2018-03-09,POR,33,28,26,38,125,44,89,49.4,16,39,41.0,21,27,77.8,55,14,32,21,4,2,11,16,7,40,17,0,0,0,[],1,Home,400975730
67,2018-03-11,MIN,34,21,29,25,109,44,95,46.3,6,20,30.0,15,21,71.4,57,13,37,27,7,3,10,15,10,58,15,0,0,0,[],1,Home,400975740
68,2018-03-14,LAL,23,32,27,24,106,38,84,45.2,12,38,31.6,18,28,64.3,42,7,28,24,11,8,14,15,17,50,19,1,0,0,[],0,Away,400975765
69,2018-03-16,SAC,29,28,18,23,98,36,83,43.4,14,31,45.2,12,17,70.6,56,11,36,25,7,4,14,17,16,34,16,1,0,0,[],1,Away,400975779
70,2018-03-17,PHX,34,26,25,24,109,39,82,47.6,11,24,45.8,20,29,69.0,48,9,33,22,8,5,19,31,16,40,19,0,0,0,[],0,Home,400975790
71,2018-03-19,SA,30,19,12,28,89,33,82,40.2,8,23,34.8,15,21,71.4,58,11,37,21,6,5,16,15,7,38,20,0,0,0,[],1,Home,400975802
72,2018-03-23,ATL,18,33,23,20,94,37,84,44.0,11,32,34.4,9,20,45.0,61,5,39,24,5,5,11,15,11,44,14,0,0,0,[],0,Away,400975833
73,2018-03-25,UTAH,18,35,36,21,110,42,87,48.3,12,28,42.9,14,18,77.8,58,11,36,27,6,8,14,15,12,46,16,0,0,0,[],1,Away,400975848
74,2018-03-27,IND,18,21,29,24,92,39,81,48.1,6,21,28.6,8,12,66.7,45,8,30,22,10,2,12,8,11,50,14,0,0,0,[],1,Away,400975860
75,2018-03-29,MIL,29,29,34,24,116,48,87,55.2,11,20,55.0,9,10,90.0,42,7,29,30,16,3,16,29,21,56,17,0,0,0,[],1,Away,400975874
76,2018-03-31,SAC,25,24,20,27,96,36,87,41.4,8,28,28.6,16,19,84.2,54,11,36,27,5,6,16,13,12,40,23,0,1,0,[],0,Home,400975888
77,2018-04-01,PHX,24,35,18,30,107,41,90,45.6,11,31,35.5,14,16,87.5,45,9,33,26,8,4,15,16,16,52,12,0,0,0,[],0,Away,400975899
78,2018-04-03,OKC,27,20,34,26,107,35,93,37.6,9,38,23.7,28,37,75.7,67,22,36,13,8,3,16,18,18,40,20,1,0,0,[],0,Home,400975909
79,2018-04-05,IND,27,35,35,29,126,50,93,53.8,15,29,51.7,11,15,73.3,53,13,34,32,11,3,13,18,29,56,24,1,0,0,[],1,Home,400975921
80,2018-04-07,NO,40,27,21,38,126,49,87,56.3,11,27,40.7,17,22,77.3,40,4,30,39,15,6,8,12,13,62,16,0,0,0,[],1,Away,400975941
81,2018-04-08,PHX,29,21,22,28,100,39,92,42.4,10,35,28.6,12,16,75.0,54,8,36,24,4,0,15,13,8,52,16,0,0,0,[],0,Home,400975949
82,2018-04-10,UTAH,33,29,31,26,119,48,90,53.3,13,35,37.1,10,13,76.9,62,12,42,25,10,6,15,16,19,62,20,0,0,0,[],1,Home,400975963
